10,67
10,145
10,245
10,27
10,97
10,19
10,103
11,11
11,19
11,29
11,15
8,11
8,9
50,3
50,2
50,1
50,0
48,4
48,3
48,2
48,1
48,0
47,4
47,3
47,2
47,1
47,0
46,4
46,3
46,2
46,1
46,0
45,3
45,2
45,1
45,0
20,3
20,2
20,1
19,3
19,2
19,1
18,3
18,1
14,3
14,1
13,3
13,1
12,3
12,2
12,1
11,30
11,28
11,27
11,26
11,25
11,24
11,22
11,20
11,18
11,17
11,4
11,3
11,2
11,1
10,313
10,300
10,297
10,287
10,265
10,264
10,232
10,161
10,138
10,123
10,121
10,102
10,22
10,16
10,7
10,6
10,3
10,2
10,1
9,7
9,6
9,5
9,4
9,3
9,2
9,1
8,18
8,16
8,15
8,14
8,13
8,12
8,8
8,7
8,6
8,5
8,4
8,3
8,2
8,1
3,3
